   0.0000000      0.0000000        0.0000000       0.0000000       0.0000000    
   0.0000000      0.98174773E-01   0.0000000       0.0000000       0.0000000    
   0.0000000      0.19634955       0.0000000       0.0000000       0.0000000    
   0.0000000      0.29452431       0.0000000       0.0000000       0.0000000    
   0.0000000      0.39269909       0.0000000       0.0000000       0.0000000    
  0.15625000E-01   0.0000000      0.36774841E-02   0.0000000      0.31728186E-01
  0.15625000E-01  0.19634955      0.34575276E-02  0.16213307E-02  0.31580076E-01
  0.15625000E-01  0.39269909      0.28468820E-02   0.0000000      0.31392563E-01
  0.31250000E-01   0.0000000      0.68610637E-02   0.0000000      0.10436430    
  0.31250000E-01  0.98174773E-01  0.67352005E-02  0.16446430E-02  0.10426088    
  0.31250000E-01  0.19634955      0.65145586E-02  0.26847755E-02  0.10398617    
  0.31250000E-01  0.29452431      0.60756672E-02  0.26234342E-02  0.10370106    
  0.31250000E-01  0.39269909      0.57300180E-02   0.0000000      0.10356236    
  0.46875000E-01   0.0000000      0.94981864E-02   0.0000000      0.20523626    
  0.46875000E-01  0.19634955      0.90919156E-02  0.35873996E-02  0.20465165    
  0.46875000E-01  0.39269909      0.83593978E-02   0.0000000      0.20403628    
  0.62500000E-01   0.0000000      0.11563762E-01   0.0000000      0.32442707    
  0.62500000E-01  0.98174773E-01  0.11445325E-01  0.25951168E-02  0.32423282    
  0.62500000E-01  0.19634955      0.11182031E-01  0.42097117E-02  0.32369223    
  0.62500000E-01  0.29452431      0.10820371E-01  0.38063331E-02  0.32316011    
  0.62500000E-01  0.39269909      0.10600357E-01   0.0000000      0.32294691    
  0.78125000E-01   0.0000000      0.13109474E-01   0.0000000      0.45391387    
  0.78125000E-01  0.19634955      0.12778191E-01  0.47004400E-02  0.45307201    
  0.78125000E-01  0.39269909      0.12366515E-01   0.0000000      0.45223770    
  0.93750000E-01   0.0000000      0.14158214E-01   0.0000000      0.58763939    
  0.93750000E-01  0.98174773E-01  0.14081686E-01  0.31512191E-02  0.58740574    
  0.93750000E-01  0.19634955      0.13913408E-01  0.50516231E-02  0.58674997    
  0.93750000E-01  0.29452431      0.13754467E-01  0.44324603E-02  0.58611834    
  0.93750000E-01  0.39269909      0.13682091E-01   0.0000000      0.58588147    
  0.10937500       0.0000000      0.14774377E-01   0.0000000      0.72089249    
  0.10937500      0.19634955      0.14625823E-01  0.53355121E-02  0.71998453    
  0.10937500      0.39269909      0.14562984E-01   0.0000000      0.71910566    
  0.12500000       0.0000000      0.15015926E-01   0.0000000      0.85032600    
  0.12500000      0.98174773E-01  0.14998067E-01  0.34846209E-02  0.85009170    
  0.12500000      0.19634955      0.14970387E-01  0.55478476E-02  0.84943187    
  0.12500000      0.29452431      0.15015577E-01  0.48049549E-02  0.84880298    
  0.12500000      0.39269909      0.15063133E-01   0.0000000      0.84857118    
  0.14062500       0.0000000      0.14945290E-01   0.0000000      0.97348106    
  0.14062500      0.19634955      0.15001548E-01  0.57252194E-02  0.97261256    
  0.14062500      0.39269909      0.15233972E-01   0.0000000      0.97177887    
  0.15625000       0.0000000      0.14625422E-01   0.0000000       1.0888070    
  0.15625000      0.98174773E-01  0.14666370E-01  0.36955788E-02   1.0885892    
  0.15625000      0.19634955      0.14777357E-01  0.58641806E-02   1.0879720    
  0.15625000      0.29452431      0.14994757E-01  0.50509912E-02   1.0873868    
  0.15625000      0.39269909      0.15132098E-01   0.0000000       1.0871716    
  0.17187500       0.0000000      0.14109832E-01   0.0000000       1.1952988    
  0.17187500      0.19634955      0.14351485E-01  0.59839995E-02   1.1944968    
  0.17187500      0.39269909      0.14814365E-01   0.0000000       1.1937280    
  0.18750000       0.0000000      0.13453532E-01   0.0000000       1.2925243    
  0.18750000      0.98174773E-01  0.13545428E-01  0.38379079E-02   1.2923232    
  0.18750000      0.19634955      0.13774600E-01  0.60817217E-02   1.2917477    
  0.18750000      0.29452431      0.14127037E-01  0.52279728E-02   1.2912030    
  0.18750000      0.39269909      0.14329317E-01   0.0000000       1.2910024    
  0.20312500       0.0000000      0.12698196E-01   0.0000000       1.3803571    
  0.20312500      0.19634955      0.13091554E-01  0.61681028E-02   1.3795981    
  0.20312500      0.39269909      0.13726567E-01   0.0000000       1.3788685    
  0.21875000       0.0000000      0.11886486E-01   0.0000000       1.4590055    
  0.21875000      0.98174773E-01  0.12019169E-01  0.39394866E-02   1.4588108    
  0.21875000      0.19634955      0.12341528E-01  0.62404815E-02   1.4582486    
  0.21875000      0.29452431      0.12795122E-01  0.53629139E-02   1.4577159    
  0.21875000      0.39269909      0.13043016E-01   0.0000000       1.4575193    
  0.23437500       0.0000000      0.11047966E-01   0.0000000       1.5288242    
  0.23437500      0.19634955      0.11557988E-01  0.63053989E-02   1.5280585    
  0.23437500      0.39269909      0.12316816E-01   0.0000000       1.5273185    
  0.25000000       0.0000000      0.10212658E-01   0.0000000       1.5903401    
  0.25000000      0.98174773E-01  0.10376331E-01  0.40145600E-02   1.5901369    
  0.25000000      0.19634955      0.10768229E-01  0.63603572E-02   1.5895473    
  0.25000000      0.29452431      0.11294524E-01  0.54688505E-02   1.5889857    
  0.25000000      0.39269909      0.11573154E-01   0.0000000       1.5887784    
  0.26562500       0.0000000      0.93992762E-02   0.0000000       1.6441262    
  0.26562500      0.19634955      0.99946680E-02  0.64098001E-02   1.6432943    
  0.26562500      0.39269909      0.10838526E-01   0.0000000       1.6424849    
  0.28125000       0.0000000      0.86267637E-02   0.0000000       1.6908219    
  0.28125000      0.98174773E-01  0.88129826E-02  0.40703896E-02   1.6905940    
  0.28125000      0.19634955      0.92541324E-02  0.64513250E-02   1.6899321    
  0.28125000      0.29452431      0.98300716E-02  0.55521782E-02   1.6892972    
  0.28125000      0.39269909      0.10127963E-01   0.0000000       1.6890634    
  0.29687500       0.0000000      0.79049598E-02   0.0000000       1.7310518    
  0.29687500      0.19634955      0.85596442E-02  0.64883260E-02   1.7300929    
  0.29687500      0.39269909      0.94578611E-02   0.0000000       1.7291536    
  0.31250000       0.0000000      0.72439518E-02   0.0000000       1.7654423    
  0.31250000      0.98174773E-01  0.74458267E-02  0.41107051E-02   1.7651740    
  0.31250000      0.19634955      0.79196766E-02  0.65184594E-02   1.7643964    
  0.31250000      0.29452431      0.85269585E-02  0.56160931E-02   1.7636447    
  0.31250000      0.39269909      0.88352356E-02   0.0000000       1.7633690    
  0.32812500       0.0000000      0.66468534E-02   0.0000000       1.7945718    
  0.32812500      0.19634955      0.73399488E-02  0.65445891E-02   1.7934285    
  0.32812500      0.39269909      0.82685174E-02   0.0000000       1.7923025    
  0.34375000       0.0000000      0.61171772E-02   0.0000000       1.8189826    
  0.34375000      0.98174773E-01  0.63292859E-02  0.41374681E-02   1.8186597    
  0.34375000      0.19634955      0.68227663E-02  0.65644165E-02   1.8177258    
  0.34375000      0.29452431      0.74470937E-02  0.56622494E-02   1.8168167    
  0.34375000      0.39269909      0.77588949E-02   0.0000000       1.8164849    
  0.35937500       0.0000000      0.56533245E-02   0.0000000       1.8391536    
  0.35937500      0.19634955      0.63686026E-02  0.65805311E-02   1.8377738    
  0.35937500      0.39269909      0.73089739E-02   0.0000000       1.8364089    
  0.37500000       0.0000000      0.52542817E-02   0.0000000       1.8555086    
  0.37500000      0.98174773E-01  0.54724854E-02  0.41517606E-02   1.8551180    
  0.37500000      0.19634955      0.59755780E-02  0.65906742E-02   1.8539910    
  0.37500000      0.29452431      0.66060005E-02  0.56915721E-02   1.8528880    
  0.37500000      0.39269909      0.69160680E-02   0.0000000       1.8524874    
  0.39062500       0.0000000      0.49154758E-02   0.0000000       1.8684024    
  0.39062500      0.19634955      0.56407228E-02  0.65972828E-02   1.8667388    
  0.39062500      0.39269909      0.65788561E-02   0.0000000       1.8650882    
  0.40625000       0.0000000      0.46330732E-02   0.0000000       1.8781273    
  0.40625000      0.98174773E-01  0.48543275E-02  0.41542286E-02   1.8776580    
  0.40625000      0.19634955      0.53596278E-02  0.65981364E-02   1.8763050    
  0.40625000      0.29452431      0.59880046E-02  0.57046516E-02   1.8749751    
  0.40625000      0.39269909      0.62924009E-02   0.0000000       1.8744944    
  0.42187500       0.0000000      0.44009397E-02   0.0000000       1.8849092    
  0.42187500      0.19634955      0.51273610E-02  0.65955771E-02   1.8829205    
  0.42187500      0.39269909      0.60530156E-02   0.0000000       1.8809427    
  0.43750000       0.0000000      0.42137690E-02   0.0000000       1.8889102    
  0.43750000      0.98174773E-01  0.44359546E-02  0.41452865E-02   1.8883519    
  0.43750000      0.19634955      0.49382895E-02  0.65874183E-02   1.8867438    
  0.43750000      0.29452431      0.55588759E-02  0.57019265E-02   1.8851579    
  0.43750000      0.39269909      0.58547878E-02   0.0000000       1.8845874    
  0.45312500       0.0000000      0.40649604E-02   0.0000000       1.8902316    
  0.45312500      0.19634955      0.47866721E-02  0.65759327E-02   1.8878810    
  0.45312500      0.39269909      0.56928848E-02   0.0000000       1.8855397    
  0.46875000       0.0000000      0.39487579E-02   0.0000000       1.8889154    
  0.46875000      0.98174773E-01  0.41705389E-02  0.41252002E-02   1.8882596    
  0.46875000      0.19634955      0.46666367E-02  0.65589580E-02   1.8863709    
  0.46875000      0.29452431      0.52757654E-02  0.56837560E-02   1.8845037    
  0.46875000      0.39269909      0.55613737E-02   0.0000000       1.8838348    
  0.48437500       0.0000000      0.38588990E-02   0.0000000       1.8849505    
  0.48437500      0.19634955      0.45724865E-02  0.65387082E-02   1.8822068    
  0.48437500      0.39269909      0.54551861E-02   0.0000000       1.8794707    
  0.50000000       0.0000000      0.37899145E-02   0.0000000       1.8782738    
  0.50000000      0.98174773E-01  0.40106117E-02  0.40940954E-02   1.8775134    
  0.50000000      0.19634955      0.44988133E-02  0.65130275E-02   1.8753228    
  0.50000000      0.29452431      0.50946460E-02  0.56504230E-02   1.8731531    
  0.50000000      0.39269909      0.53690420E-02   0.0000000       1.8723789    
  0.51562500       0.0000000      0.37364380E-02   0.0000000       1.8687785    
  0.51562500      0.19634955      0.44405619E-02  0.64840773E-02   1.8656161    
  0.51562500      0.39269909      0.52982797E-02   0.0000000       1.8624603    
  0.53125000       0.0000000      0.36937867E-02   0.0000000       1.8563148    
  0.53125000      0.98174773E-01  0.39132591E-02  0.40519186E-02   1.8554442    
  0.53125000      0.19634955      0.43932484E-02  0.64496757E-02   1.8529356    
  0.53125000      0.29452431      0.49755685E-02  0.56020939E-02   1.8504472    
  0.53125000      0.39269909      0.52387016E-02   0.0000000       1.8495625    
  0.54687500       0.0000000      0.36578304E-02   0.0000000       1.8407006    
  0.54687500      0.19634955      0.43528364E-02  0.64119450E-02   1.8371023    
  0.54687500      0.39269909      0.51864726E-02   0.0000000       1.8335097    
  0.56250000       0.0000000      0.36249782E-02   0.0000000       1.8217223    
  0.56250000      0.98174773E-01  0.38435019E-02  0.39983606E-02   1.8207388    
  0.56250000      0.19634955      0.43160268E-02  0.63686226E-02   1.8179024    
  0.56250000      0.29452431      0.48860521E-02  0.55387416E-02   1.8150860    
  0.56250000      0.39269909      0.51386980E-02   0.0000000       1.8140882    
  0.57812500       0.0000000      0.35924914E-02   0.0000000       1.7991467    
  0.57812500      0.19634955      0.42799921E-02  0.63218130E-02   1.7951053    
  0.57812500      0.39269909      0.50926041E-02   0.0000000       1.7910697    
  0.59375000       0.0000000      0.35580106E-02   0.0000000       1.7727215    
  0.59375000      0.98174773E-01  0.37761405E-02  0.39327489E-02   1.7716252    
  0.59375000      0.19634955      0.42427019E-02  0.62690955E-02   1.7684610    
  0.59375000      0.29452431      0.48028906E-02  0.54600220E-02   1.7653167    
  0.59375000      0.39269909      0.50466345E-02   0.0000000       1.7642064    
  0.60937500       0.0000000      0.35201814E-02   0.0000000       1.7421913    
  0.60937500      0.19634955      0.42025708E-02  0.62125898E-02   1.7377149    
  0.60937500      0.39269909      0.49991519E-02   0.0000000       1.7332445    
  0.62500000       0.0000000      0.34778761E-02   0.0000000       1.7072955    
  0.62500000      0.98174773E-01  0.36962847E-02  0.38539066E-02   1.7060909    
  0.62500000      0.19634955      0.41587683E-02  0.61496096E-02   1.7026114    
  0.62500000      0.29452431      0.47125896E-02  0.53651086E-02   1.6991520    
  0.62500000      0.39269909      0.49498077E-02   0.0000000       1.6979340    
  0.64062500       0.0000000      0.34309675E-02   0.0000000       1.6677892    
  0.64062500      0.19634955      0.41108401E-02  0.60823411E-02   1.6629051    
  0.64062500      0.39269909      0.48980392E-02   0.0000000       1.6580280    
  0.65625000       0.0000000      0.33794397E-02   0.0000000       1.6234386    
  0.65625000      0.98174773E-01  0.35987212E-02  0.37599804E-02   1.6221364    
  0.65625000      0.19634955      0.40589501E-02  0.60076849E-02   1.6183708    
  0.65625000      0.29452431      0.46105920E-02  0.52524609E-02   1.6146256    
  0.65625000      0.39269909      0.48444173E-02   0.0000000       1.6133107    
  0.67187500       0.0000000      0.33240926E-02   0.0000000       1.5740479    
  0.67187500      0.19634955      0.40035364E-02  0.59279725E-02   1.5688094    
  0.67187500      0.39269909      0.47892709E-02   0.0000000       1.5635790    
  0.68750000       0.0000000      0.32657939E-02   0.0000000       1.5194503    
  0.68750000      0.98174773E-01  0.34862328E-02  0.36482399E-02   1.5180682    
  0.68750000      0.19634955      0.39454238E-02  0.58394913E-02   1.5140676    
  0.68750000      0.29452431      0.44993972E-02  0.51195240E-02   1.5100874    
  0.68750000      0.39269909      0.47336491E-02   0.0000000       1.5086932    
  0.70312500       0.0000000      0.32058347E-02   0.0000000       1.4595431    
  0.70312500      0.19634955      0.38855856E-02  0.57448330E-02   1.4540360    
  0.70312500      0.39269909      0.46784752E-02   0.0000000       1.4485368    
  0.71875000       0.0000000      0.31456370E-02   0.0000000       1.3942723    
  0.71875000      0.98174773E-01  0.33669407E-02  0.35148601E-02   1.3928375    
  0.71875000      0.19634955      0.38250557E-02  0.56394138E-02   1.3886793    
  0.71875000      0.29452431      0.43856474E-02  0.49623223E-02   1.3845403    
  0.71875000      0.39269909      0.46246862E-02   0.0000000       1.3830930    
  0.73437500       0.0000000      0.30864133E-02   0.0000000       1.3236780    
  0.73437500      0.19634955      0.37648778E-02  0.55262404E-02   1.3180267    
  0.73437500      0.39269909      0.45733969E-02   0.0000000       1.3123797    
  0.75000000       0.0000000      0.30297174E-02   0.0000000       1.2478706    
  0.75000000      0.98174773E-01  0.32507288E-02  0.33547014E-02   1.2464207    
  0.75000000      0.19634955      0.37057335E-02  0.53995345E-02   1.2422128    
  0.75000000      0.29452431      0.42762351E-02  0.47749416E-02   1.2380207    
  0.75000000      0.39269909      0.45246920E-02   0.0000000       1.2365557    
  0.76562500       0.0000000      0.29759821E-02   0.0000000       1.1670867    
  0.76562500      0.19634955      0.36481721E-02  0.52629299E-02   1.1614584    
  0.76562500      0.39269909      0.44793715E-02   0.0000000       1.1558249    
  0.78125000       0.0000000      0.29263799E-02   0.0000000       1.0816576    
  0.78125000      0.98174773E-01  0.31447997E-02  0.31611186E-02   1.0802416    
  0.78125000      0.19634955      0.35918623E-02  0.51090461E-02   1.0761241    
  0.78125000      0.29452431      0.41734902E-02  0.45488467E-02   1.0720153    
  0.78125000      0.39269909      0.44357814E-02   0.0000000       1.0705774    
  0.79687500       0.0000000      0.28797428E-02   0.0000000      0.99207473    
  0.79687500      0.19634955      0.35362162E-02  0.49424414E-02  0.98667949    
  0.79687500      0.39269909      0.43938016E-02   0.0000000      0.98126036    
  0.81250000       0.0000000      0.28362554E-02   0.0000000      0.89895010    
  0.81250000      0.98174773E-01  0.30484239E-02  0.29258395E-02  0.89762622    
  0.81250000      0.19634955      0.34791436E-02  0.47536204E-02  0.89376968    
  0.81250000      0.29452431      0.40695164E-02  0.42719948E-02  0.88990909    
  0.81250000      0.39269909      0.43490152E-02   0.0000000      0.88855165    
  0.82812500       0.0000000      0.27922341E-02   0.0000000      0.80308867    
  0.82812500      0.19634955      0.34182183E-02  0.45484956E-02  0.79817176    
  0.82812500      0.39269909      0.42996616E-02   0.0000000      0.79320079    
  0.84375000       0.0000000      0.27461599E-02   0.0000000      0.70544630    
  0.84375000      0.98174773E-01  0.29469640E-02  0.26389766E-02  0.70427930    
  0.84375000      0.19634955      0.33487836E-02  0.43148054E-02  0.70087445    
  0.84375000      0.29452431      0.39397939E-02  0.39276676E-02  0.69744748    
  0.84375000      0.39269909      0.42374264E-02   0.0000000      0.69622970    
  0.85937500       0.0000000      0.26908848E-02   0.0000000      0.60719883    
  0.85937500      0.19634955      0.32658521E-02  0.40604984E-02  0.60302067    
  0.85937500      0.39269909      0.41580377E-02   0.0000000      0.59874940    
  0.87500000       0.0000000      0.26223138E-02   0.0000000      0.50970864    
  0.87500000      0.98174773E-01  0.28052665E-02  0.22892209E-02  0.50876164    
  0.87500000      0.19634955      0.31613584E-02  0.37696506E-02  0.50599915    
  0.87500000      0.29452431      0.37362154E-02  0.34928888E-02  0.50319427    
  0.87500000      0.39269909      0.40480960E-02   0.0000000      0.50217670    
  0.89062500       0.0000000      0.25290006E-02   0.0000000      0.41457391    
  0.89062500      0.19634955      0.30270598E-02  0.34534808E-02  0.41137290    
  0.89062500      0.39269909      0.38996795E-02   0.0000000      0.40804175    
  0.90625000       0.0000000      0.24031166E-02   0.0000000      0.32362404    
  0.90625000      0.98174773E-01  0.25605266E-02  0.18642289E-02  0.32294732    
  0.90625000      0.19634955      0.28506443E-02  0.30909984E-02  0.32098112    
  0.90625000      0.29452431      0.33798262E-02  0.29361683E-02  0.31895810    
  0.90625000      0.39269909      0.36931979E-02   0.0000000      0.31819648    
  0.92187500       0.0000000      0.22285501E-02   0.0000000      0.23892051    
  0.92187500      0.19634955      0.26200141E-02  0.26992499E-02  0.23685351    
  0.92187500      0.39269909      0.34153715E-02   0.0000000      0.23464228    
  0.93750000       0.0000000      0.19919695E-02   0.0000000      0.16281436    
  0.93750000      0.98174773E-01  0.21146669E-02  0.13510127E-02  0.16242829    
  0.93750000      0.19634955      0.23178239E-02  0.22495596E-02  0.16131943    
  0.93750000      0.29452431      0.27537111E-02  0.22140457E-02  0.16015613    
  0.93750000      0.39269909      0.30397277E-02   0.0000000      0.15968980    
  0.95312500       0.0000000      0.16735436E-02   0.0000000      0.97855583E-01
  0.95312500      0.19634955      0.19277117E-02  0.17705964E-02  0.96909739E-01
  0.95312500      0.39269909      0.25445661E-02   0.0000000      0.95852934E-01
  0.96875000       0.0000000      0.12512506E-02   0.0000000      0.46960279E-01
  0.96875000      0.98174773E-01  0.13260758E-02  0.73561800E-03  0.46830922E-01
  0.96875000      0.19634955      0.14266159E-02  0.12203864E-02  0.46468440E-01
  0.96875000      0.29452431      0.16967942E-02  0.12652688E-02  0.46076547E-01
  0.96875000      0.39269909      0.18970502E-02   0.0000000      0.45901924E-01
  0.98437500       0.0000000      0.70582289E-03   0.0000000      0.13173482E-01
  0.98437500      0.19634955      0.79381053E-03  0.65294874E-03  0.13043961E-01
  0.98437500      0.39269909      0.10607153E-02   0.0000000      0.12882506E-01
   1.0000000       0.0000000       0.0000000       0.0000000       0.0000000    
   1.0000000      0.98174773E-01   0.0000000       0.0000000       0.0000000    
   1.0000000      0.19634955       0.0000000       0.0000000       0.0000000    
   1.0000000      0.29452431       0.0000000       0.0000000       0.0000000    
   1.0000000      0.39269909       0.0000000       0.0000000       0.0000000    
